[{"id": 0, "img_name": "r_0", "width": 800, "height": 800, "position": [-0.0, 2.7372601032257085, 2.9592916965484624], "rotation": [[-1.0, -0.0, -0.0], [0.0, 0.7341099977493286, -0.6790305972099304], [-0.0, -0.6790306568145752, -0.7341098785400391]], "fy": 1250.0000504168488, "fx": 1250.0000504168488}, {"id": 1, "img_name": "r_1", "width": 800, "height": 800, "position": [-0.17187398672103876, 2.731858730316162, 2.9592916965484615], "rotation": [[-0.9980267286300659, -0.04609514772891998, 0.042636688798666], [-0.06279052048921585, 0.7326614260673523, -0.6776907444000245], [-3.725289844321297e-09, -0.6790306568145753, -0.7341099381446838]], "fy": 1250.0000504168488, "fx": 1250.0000504168488}, {"id": 2, "img_name": "r_2", "width": 800, "height": 800, "position": [-0.3431337177753448, 2.7161829471588135, 2.958819150924682], "rotation": [[-0.9921147227287291, -0.09199368208646772, 0.08512099832296369], [-0.125333234667778, 0.7282049655914307, -0.6738020777702332], [1.5747272651142903e-17, -0.6791574358940126, -0.7339926958084109]], "fy": 1250.0000504168488, "fx": 1250.0000504168488}, {"id": 3, "img_name": "r_3", "width": 800, "height": 800, "position": [-0.5132942199707032, 2.690782308578491, 2.9574005603790288], "rotation": [[-0.9822872281074524, -0.137470617890358, 0.12733262777328494], [-0.18738132715225225, 0.7206460833549501, -0.6675009727478027], [1.490115853296911e-08, -0.6795374751091003, -0.7336407899856567]], "fy": 1250.0000504168488, "fx": 1250.0000504168488}, {"id": 4, "img_name": "r_4", "width": 800, "height": 800, "position": [-0.681871175765991, 2.6557128429412833, 2.955036401748657], "rotation": [[-0.9685832262039182, -0.18230323493480682, 0.16915144026279447], [-0.24868993461132052, 0.7100241184234621, -0.6588013172149657], [7.450580596235909e-09, -0.6801700592041017, -0.7330543994903564]], "fy": 1250.0000504168488, "fx": 1250.0000504168488}, {"id": 5, "img_name": "r_5", "width": 800, "height": 800, "position": [-0.8483804464340209, 2.611046314239502, 2.9517261981964102], "rotation": [[-0.9510564804077146, -0.22627252340316767, 0.21045728027820584], [-0.30901700258254994, 0.6963951587677002, -0.6477208733558655], [1.4901159411101652e-08, -0.6810540556907655, -0.732233166694641]], "fy": 1250.0000504168488, "fx": 1250.0000504168488}, {"id": 6, "img_name": "r_6", "width": 800, "height": 800, "position": [-1.0123374462127688, 2.5568726062774663, 2.9474692344665523], "rotation": [[-0.9297765493392945, -0.26916423439979553, 0.25112998485565186], [-0.3681245744228363, 0.6798312664031982, -0.6342819333076477], [3.110736290523095e-17, -0.6821876764297486, -0.7311770319938657]], "fy": 1250.0000504168488, "fx": 1250.0000504168488}, {"id": 7, "img_name": "r_7", "width": 800, "height": 800, "position": [-1.1732574701309206, 2.493299007415772, 2.9422655105590825], "rotation": [[-0.9048271179199219, -0.31077042222023016, 0.29104933142662043], [-0.42577934265136724, 0.6604207754135133, -0.6185113191604613], [-6.855568499650141e-17, -0.6835686564445493, -0.7298861742019653]], "fy": 1250.0000504168488, "fx": 1250.0000504168488}, {"id": 8, "img_name": "r_8", "width": 800, "height": 800, "position": [-1.3306550979614256, 2.420452356338501, 2.9361143112182613], "rotation": [[-0.8763065934181213, -0.35089030861854553, 0.3300949037075042], [-0.4817536771297455, 0.6382669806480408, -0.6004403233528137], [1.490116031566874e-08, -0.6851943135261537, -0.7283602952957153]], "fy": 1250.0000504168488, "fx": 1250.0000504168488}, {"id": 9, "img_name": "r_9", "width": 800, "height": 800, "position": [-1.4840440750122077, 2.3384790420532235, 2.9290149211883554], "rotation": [[-0.844327986240387, -0.3893313407897949, 0.3681460022926331], [-0.535826861858368, 0.613487958908081, -0.580105185508728], [-2.116819710749629e-17, -0.687061607837677, -0.7265990972518922]], "fy": 1250.0000504168488, "fx": 1250.0000504168488}, {"id": 10, "img_name": "r_10", "width": 800, "height": 800, "position": [-1.6329382658004759, 2.247546434402466, 2.9209671020507817], "rotation": [[-0.8090169429779052, -0.42591089010238653, 0.40508210659027105], [-0.5877853631973267, 0.586215913295746, -0.5575475692749025], [1.490116116421831e-08, -0.6891667246818541, -0.7246026992797852]], "fy": 1250.0000504168488, "fx": 1250.0000504168488}, {"id": 11, "img_name": "r_11", "width": 800, "height": 800, "position": [-1.7768508195877075, 2.147843360900879, 2.9119701385498042], "rotation": [[-0.7705132365226747, -0.46045649051666254, 0.4407824277877809], [-0.6374239921569823, 0.5565962195396423, -0.5328143835067749], [1.4901161191335874e-08, -0.6915058493614198, -0.7223708629608154]], "fy": 1250.0000504168488, "fx": 1250.0000504168488}, {"id": 12, "img_name": "r_12", "width": 800, "height": 800, "position": [-1.9152961969375615, 2.0395827293395996, 2.9020237922668453], "rotation": [[-0.7289685606956481, -0.4928078949451448, 0.47512650489807134], [-0.684547245502472, 0.5247869491577151, -0.5059581995010376], [-1.4901162916778184e-08, -0.6940740942955016, -0.7199034690856934]], "fy": 1250.0000504168488, "fx": 1250.0000504168488}, {"id": 13, "img_name": "r_13", "width": 800, "height": 800, "position": [-2.047789812088013, 1.923002123832703, 2.8911278247833256], "rotation": [[-0.6845470666885376, -0.5228167772293091, 0.5079941153526305], [-0.7289687395095825, 0.4909575283527375, -0.47703811526298523], [-1.7144888291111443e-16, -0.696866810321808, -0.717200517654419]], "fy": 1250.0000504168488, "fx": 1250.0000504168488}, {"id": 14, "img_name": "r_14", "width": 800, "height": 800, "position": [-2.17384934425354, 1.798363924026489, 2.879282236099243], "rotation": [[-0.6374239325523375, -0.5503484010696411, 0.5392656326293944], [-0.7705134153366089, 0.4552876353263856, -0.4461191892623901], [-1.058769195663276e-16, -0.6998783946037291, -0.7142620086669921]], "fy": 1250.0000504168488, "fx": 1250.0000504168488}, {"id": 15, "img_name": "r_15", "width": 800, "height": 800, "position": [-2.2929964065551753, 1.665958523750305, 2.8664875030517574], "rotation": [[-0.5877850651741027, -0.5752823948860167, 0.5688223838806152], [-0.8090171813964845, 0.4179669022560119, -0.4132734537124634], [4.6088304443917105e-17, -0.7031030058860779, -0.7110880017280579]], "fy": 1250.0000504168488, "fx": 1250.0000504168488}, {"id": 16, "img_name": "r_16", "width": 800, "height": 800, "position": [-2.404757022857666, 1.5261046886444094, 2.8527438640594482], "rotation": [[-0.5358266234397889, -0.5975128412246703, 0.5965467691421509], [-0.844327986240387, 0.3791930973529816, -0.37857997417449957], [-2.980232240806731e-08, -0.706534445285797, -0.7076786160469054]], "fy": 1250.0000504168488, "fx": 1250.0000504168488}, {"id": 17, "img_name": "r_17", "width": 800, "height": 800, "position": [-2.5086653232574467, 1.379149794578552, 2.8380527496337895], "rotation": [[-0.4817534685134889, -0.6169499754905702, 0.6223232746124269], [-0.8763067722320557, 0.3391709327697754, -0.34212493896484364], [1.4901161152062039e-08, -0.7101660370826723, -0.7040342092514039]], "fy": 1250.0000504168488, "fx": 1250.0000504168488}, {"id": 18, "img_name": "r_18", "width": 800, "height": 800, "position": [-2.604263305664063, 1.2254726886749268, 2.8224155902862544], "rotation": [[-0.4257790446281433, -0.6335194110870361, 0.6460381746292114], [-0.9048271179199219, 0.2981114089488983, -0.3040023148059845], [1.4901159467336914e-08, -0.7139907479286194, -0.7001550793647766]], "fy": 1250.0000504168488, "fx": 1250.0000504168488}, {"id": 19, "img_name": "r_19", "width": 800, "height": 800, "position": [-2.6911044120788574, 1.0654827356338503, 2.80583381652832], "rotation": [[-0.3681243062019348, -0.6471632719039916, 0.6675808429718016], [-0.929776668548584, 0.25622984766960144, -0.2643137276172638], [3.591441828438742e-18, -0.7180013656616211, -0.6960417032241821]], "fy": 1250.0000504168488, "fx": 1250.0000504168488}, {"id": 20, "img_name": "r_20", "width": 800, "height": 800, "position": [-2.768754482269287, 0.899622082710266, 2.7883110046386714], "rotation": [[-0.30901676416397095, -0.6578409075736998, 0.6868434548377991], [-0.9510566592216492, 0.21374528110027313, -0.22316877543926236], [-7.826504320542534e-18, -0.7221899032592775, -0.6916947960853578]], "fy": 1250.0000504168488, "fx": 1250.0000504168488}, {"id": 21, "img_name": "r_21", "width": 800, "height": 800, "position": [-2.8367969989776616, 0.7283647656440736, 2.7698497772216797], "rotation": [[-0.2486896216869354, -0.6655282974243163, 0.7037227153778075], [-0.9685832262039183, 0.17087841033935544, -0.18068505823612213], [1.0532526351384585e-17, -0.7265485525131226, -0.6871151328086853]], "fy": 1250.0000504168488, "fx": 1250.0000504168488}, {"id": 22, "img_name": "r_22", "width": 800, "height": 800, "position": [-2.8948326110839853, 0.5522178411483767, 2.750454425811767], "rotation": [[-0.1873809993267059, -0.6702184677124022, 0.7181195020675661], [-0.9822872877120972, 0.12785077095031738, -0.1369883716106415], [7.450580598744304e-09, -0.731068730354309, -0.6823037266731262]], "fy": 1250.0000504168488, "fx": 1250.0000504168488}, {"id": 23, "img_name": "r_23", "width": 800, "height": 800, "position": [-2.9424843788146977, 0.3717211782932282, 2.730129718780517], "rotation": [[-0.12533289194107056, -0.67192143201828, 0.7299404740333554], [-0.992114782333374, 0.0848831832408905, -0.09221266955137253], [-3.725290292656569e-09, -0.7357420921325684, -0.6772617697715759]], "fy": 1250.0000504168488, "fx": 1250.0000504168488}, {"id": 24, "img_name": "r_24", "width": 800, "height": 800, "position": [-2.979399681091309, 0.18744681775569916, 2.7088818550109863], "rotation": [[-0.06279014796018602, -0.67066490650177, 0.7390980124473573], [-0.9980267882347109, 0.04219441115856171, -0.046499829739332206], [-1.862645154758032e-09, -0.7405593991279602, -0.6719908118247985]], "fy": 1250.0000504168488, "fx": 1250.0000504168488}, {"id": 25, "img_name": "r_25", "width": 800, "height": 800, "position": [-3.00525403022766, -1.206126285069331e-06, 2.6867170333862305], "rotation": [[4.0133920720109023e-07, -0.6664924621582032, 0.7455117702484132], [-1.0, -2.674895540621947e-07, 2.992030943005375e-07], [3.455462877342747e-23, -0.7455117702484132, -0.6664924621582031]], "fy": 1250.0000504168488, "fx": 1250.0000504168488}, {"id": 26, "img_name": "r_26", "width": 800, "height": 800, "position": [-3.0197529792785645, -0.18998804688453672, 2.6636435985565186], "rotation": [[0.06279095262289044, -0.6594647169113158, 0.7491084337234498], [-0.9980267882347106, -0.04149028658866882, 0.04713023081421852], [-3.127533975623479e-18, -0.7505896687507629, -0.6607685685157776]], "fy": 1250.0000504168488, "fx": 1250.0000504168488}, {"id": 27, "img_name": "r_27", "width": 800, "height": 800, "position": [-3.0226366519927983, -0.3818492293357849, 2.639669895172119], "rotation": [[0.125333696603775, -0.6496580839157103, 0.7498238682746887], [-0.9921146631240845, -0.08207120746374127, 0.09472513198852538], [-8.32386433287026e-18, -0.7557835578918456, -0.654821515083313]], "fy": 1250.0000504168488, "fx": 1250.0000504168488}, {"id": 28, "img_name": "r_28", "width": 800, "height": 800, "position": [-3.013683080673217, -0.574892282485962, 2.614806652069092], "rotation": [[0.187381774187088, -0.6371641755104065, 0.7476027607917787], [-0.9822871685028077, -0.12154587358236314, 0.14261321723461154], [-1.6205611563206628e-19, -0.7610836625099182, -0.6486536860466003]], "fy": 1250.0000504168488, "fx": 1250.0000504168488}, {"id": 29, "img_name": "r_29", "width": 800, "height": 800, "position": [-2.992709159851074, -0.7683987617492675, 2.589064359664917], "rotation": [[0.24869039654731748, -0.6220897436141968, 0.7423997521400452], [-0.9685831069946288, -0.15972582995891568, 0.19061626493930814], [-7.450581494757565e-09, -0.7664802074432373, -0.6422678232192993]], "fy": 1250.0000504168488, "fx": 1250.0000504168488}, {"id": 30, "img_name": "r_30", "width": 800, "height": 800, "position": [-2.95957636833191, -0.9616263508796693, 2.5624563694000244], "rotation": [[0.30901750922203064, -0.6045553088188171, 0.7341805100440979], [-0.9510563611984253, -0.19643229246139532, 0.238550141453743], [3.719051531894574e-18, -0.7719632387161255, -0.6356672048568726]], "fy": 1250.0000504168488, "fx": 1250.0000504168488}, {"id": 31, "img_name": "r_31", "width": 800, "height": 800, "position": [-2.914191722869874, -1.1538120508193968, 2.5349960327148438], "rotation": [[0.3681250810623169, -0.5846945643424987, 0.7229219675064088], [-0.9297763109207152, -0.2314973622560501, 0.2862255275249481], [1.4901161213398987e-08, -0.7775224447250366, -0.6288551092147826]], "fy": 1250.0000504168488, "fx": 1250.0000504168488}, {"id": 32, "img_name": "r_32", "width": 800, "height": 800, "position": [-2.856511116027833, -1.3441742658615112, 2.506698846817016], "rotation": [[0.4257798790931703, -0.562653422355652, 0.7086130976676942], [-0.9048268795013429, -0.2647650241851806, 0.3334485590457916], [-1.490116296529706e-08, -0.7831478714942932, -0.6218354105949401]], "fy": 1250.0000504168488, "fx": 1250.0000504168488}, {"id": 33, "img_name": "r_33", "width": 800, "height": 800, "position": [-2.786542892456055, -1.5319170951843262, 2.4775812625885005], "rotation": [[0.4817541837692261, -0.5385887026786805, 0.6912562251091003], [-0.8763064742088317, -0.2960920333862304, 0.38002184033393854], [-1.4901161179609597e-08, -0.7888293266296387, -0.6146122813224792]], "fy": 1250.0000504168488, "fx": 1250.0000504168488}, {"id": 34, "img_name": "r_34", "width": 800, "height": 800, "position": [-2.704347133636475, -1.7162333726882935, 2.447661876678467], "rotation": [[0.535827398300171, -0.5126674771308899, 0.6708659529685976], [-0.8443276882171631, -0.32534912228584295, 0.4257450997829437], [-1.4901162980548075e-08, -0.7945564985275269, -0.6071901917457581]], "fy": 1250.0000504168488, "fx": 1250.0000504168488}, {"id": 35, "img_name": "r_35", "width": 800, "height": 800, "position": [-2.61004137992859, -1.896308660507202, 2.4169602394104004], "rotation": [[0.587785840034485, -0.48506534099578846, 0.6474714875221254], [-0.8090167045593262, -0.35242110490798945, 0.47041624784469604], [1.490116297554705e-08, -0.8003191947937011, -0.5995739698410034]], "fy": 1250.0000504168488, "fx": 1250.0000504168488}, {"id": 36, "img_name": "r_36", "width": 800, "height": 800, "position": [-2.5037992000579825, -2.0713260173797607, 2.3854973316192623], "rotation": [[0.6374246478080751, -0.4559656083583831, 0.6211160421371461], [-0.770512819290161, -0.3772081732749939, 0.513832688331604], [-9.342570525751216e-17, -0.8061075210571289, -0.591768980026245]], "fy": 1250.0000504168488, "fx": 1250.0000504168488}, {"id": 37, "img_name": "r_37", "width": 800, "height": 800, "position": [-2.3858535289764404, -2.240468740463257, 2.353296041488648], "rotation": [[0.6845476031303405, -0.4255577623844145, 0.5918573737144469], [-0.7289682030677797, -0.3996258378028869, 0.5557917952537537], [-1.490116296185341e-08, -0.8119112253189086, -0.5837808251380922]], "fy": 1250.0000504168488, "fx": 1250.0000504168488}, {"id": 38, "img_name": "r_38", "width": 800, "height": 800, "position": [-2.2564957141876216, -2.402927398681641, 2.320380687713623], "rotation": [[0.7289691567420958, -0.39403572678565973, 0.5597676038742064], [-0.6845465302467345, -0.4196060895919798, 0.5960928797721864], [1.490116305373685e-08, -0.8177204728126526, -0.5756155252456665]], "fy": 1250.0000504168488, "fx": 1250.0000504168488}, {"id": 39, "img_name": "r_39", "width": 800, "height": 800, "position": [-2.116077899932861, -2.5579028129577646, 2.2867767810821538], "rotation": [[0.7705137133598327, -0.36159723997116083, 0.5249342322349548], [-0.6374233961105348, -0.4370966851711273, 0.6345375180244446], [2.8215936268875664e-17, -0.8235253095626831, -0.5672794580459596]], "fy": 1250.0000504168488, "fx": 1250.0000504168488}, {"id": 40, "img_name": "r_40", "width": 800, "height": 800, "position": [-1.965011596679687, -2.7046108245849605, 2.2525119781494145], "rotation": [[0.8090174198150635, -0.3284419775009156, 0.4874593615531921], [-0.5877846479415894, -0.4520623385906221, 0.6709313392639161], [-2.9002963781462786e-17, -0.8293163180351258, -0.5587794184684755]], "fy": 1250.0000504168488, "fx": 1250.0000504168488}, {"id": 41, "img_name": "r_41", "width": 800, "height": 800, "position": [-1.803768038749695, -2.842288732528687, 2.217614650726318], "rotation": [[0.8443283438682556, -0.294770061969757, 0.44745975732803345], [-0.5358261466026306, -0.4644840955734252, 0.7050849795341492], [-1.50586864729012e-17, -0.8350839614868163, -0.5501224398612976]], "fy": 1250.0000504168488, "fx": 1250.0000504168488}, {"id": 42, "img_name": "r_42", "width": 800, "height": 800, "position": [-1.6328773498535158, -2.9701988697052, 2.1821160316467285], "rotation": [[0.8763071298599243, -0.2607807517051697, 0.4050669968128205], [-0.4817529618740083, -0.474359393119812, 0.7368156313896181], [-9.412963039245248e-17, -0.8408190011978149, -0.5413163304328917]], "fy": 1250.0000504168488, "fx": 1250.0000504168488}, {"id": 43, "img_name": "r_43", "width": 800, "height": 800, "position": [-1.4529269933700562, -3.0876340866088867, 2.1460473537445064], "rotation": [[0.9048275351524353, -0.2266711741685867, 0.3604268133640289], [-0.42577850818634033, -0.48170191049575795, 0.7659477591514587], [1.4901162994411956e-08, -0.8465124368667601, -0.5323688387870789]], "fy": 1250.0000504168488, "fx": 1250.0000504168488}, {"id": 44, "img_name": "r_44", "width": 800, "height": 800, "position": [-1.2645601034164429, -3.193922519683838, 2.109442234039307], "rotation": [[0.9297769069671632, -0.19263479113578802, 0.3136987388134002], [-0.36812373995780945, -0.4865412712097169, 0.7923146486282349], [1.4901162993152918e-08, -0.8521557450294495, -0.5232881903648375]], "fy": 1250.0000504168488, "fx": 1250.0000504168488}, {"id": 45, "img_name": "r_45", "width": 800, "height": 800, "position": [-1.0684733390808108, -3.2884328365325928, 2.072335720062256], "rotation": [[0.9510567784309387, -0.15885999798774716, 0.2650555670261383], [-0.3090161085128785, -0.4889223277568816, 0.8157597184181213], [2.533225216739955e-17, -0.8577403426170349, -0.5140831470489502]], "fy": 1250.0000504168488, "fx": 1250.0000504168488}, {"id": 46, "img_name": "r_46", "width": 800, "height": 800, "position": [-0.8654139637947081, -3.370578050613403, 2.03476357460022], "rotation": [[0.9685834050178528, -0.12552891671657562, 0.21468275785446164], [-0.2486889660358429, -0.48890480399131775, 0.8361374139785765], [2.527274204439234e-17, -0.8632581830024719, -0.5047626495361329]], "fy": 1250.0000504168488, "fx": 1250.0000504168488}, {"id": 47, "img_name": "r_47", "width": 800, "height": 800, "position": [-0.6561774611473083, -3.439820766448975, 1.9967634677886967], "rotation": [[0.982287347316742, -0.09281624853610994, 0.1627775728702545], [-0.18738034367561338, -0.4865623712539673, 0.8533144593238831], [-9.67140259897354e-18, -0.8687013983726503, -0.49533602595329285]], "fy": 1250.0000504168488, "fx": 1250.0000504168488}, {"id": 48, "img_name": "r_48", "width": 800, "height": 800, "position": [-0.44160315394401556, -3.4956769943237314, 1.9583741426467893], "rotation": [[0.9921148419380188, -0.06088800355792044, 0.10954824835062027], [-0.12533223628997803, -0.4819820523262024, 0.8671706914901735], [1.881893639738393e-18, -0.8740628361701964, -0.4858127832412719]], "fy": 1250.0000504168488, "fx": 1250.0000504168488}, {"id": 49, "img_name": "r_49", "width": 800, "height": 800, "position": [-0.22257083654403687, -3.5377197265625, 1.919635772705078], "rotation": [[0.9980268478393555, -0.02990054897964001, 0.055213022977113724], [-0.06278950721025466, -0.47526335716247564, 0.8776001930236816], [-4.6500557173074756e-18, -0.8793353438377381, -0.4762029945850372]], "fy": 1250.0000504168488, "fx": 1250.0000504168488}, {"id": 50, "img_name": "r_50", "width": 800, "height": 800, "position": [3.7121180866961363e-06, -3.5655829906463623, 1.880589723587036], "rotation": [[1.0, 4.856893838223185e-07, -9.208631013279955e-07], [1.0410971071905808e-06, -0.4665168523788452, 0.8845121860504152], [2.842171286179225e-14, -0.8845122456550597, -0.46651685237884516]], "fy": 1250.0000504168488, "fx": 1250.0000504168488}, {"id": 51, "img_name": "r_51", "width": 800, "height": 800, "position": [0.22517324984073636, -3.578965425491334, 1.8412775993347161], "rotation": [[0.9980266690254211, 0.028680982068181034, -0.05585860460996627], [0.06279158592224121, -0.4558634161949157, 0.8878319859504701], [7.00250829658657e-18, -0.8895875811576842, -0.4567647278308867]], "fy": 1250.0000504168488, "fx": 1250.0000504168488}, {"id": 52, "img_name": "r_52", "width": 800, "height": 800, "position": [0.45196399092674255, -3.5776319503784184, 1.8017430305480953], "rotation": [[0.9921145439147949, 0.0560191087424755, -0.11211846768856047], [0.12533430755138397, -0.44343301653861994, 0.8875012397766113], [-3.7252900784025745e-09, -0.8945552706718445, -0.4469574391841888]], "fy": 1250.0000504168488, "fx": 1250.0000504168488}, {"id": 53, "img_name": "r_53", "width": 800, "height": 800, "position": [0.6793807744979858, -3.5614171028137207, 1.7620300054550169], "rotation": [[0.9822870492935181, 0.08190594613552094, -0.1685336083173752], [0.18738241493701938, -0.42936342954635615, 0.8834787607192992], [-3.26569551823109e-18, -0.8994099497795105, -0.43710580468177795]], "fy": 1250.0000504168488, "fx": 1250.0000504168488}, {"id": 54, "img_name": "r_54", "width": 800, "height": 800, "position": [0.906412482261658, -3.5302267074584965, 1.7221834659576414], "rotation": [[0.9685828685760498, 0.10624606162309647, -0.22485326230525976], [0.2486909925937653, -0.41379907727241516, 0.8757414221763611], [7.450580624465106e-09, -0.9041471481323242, -0.427221119403839]], "fy": 1250.0000504168488, "fx": 1250.0000504168488}, {"id": 55, "img_name": "r_55", "width": 800, "height": 800, "position": [1.1320374011993408, -3.484039306640625, 1.6822491884231567], "rotation": [[0.9510562419891357, 0.1289577782154083, -0.28082388639450073], [0.30901810526847834, -0.39688965678215016, 0.8642836809158325], [1.5154395617910298e-17, -0.9087620377540587, -0.4173146188259124]], "fy": 1250.0000504168488, "fx": 1250.0000504168488}, {"id": 56, "img_name": "r_56", "width": 800, "height": 800, "position": [1.3552293777465818, -3.4229068756103507, 1.642273187637329], "rotation": [[0.9297760725021362, 0.14997360110282895, -0.3361909985542296], [0.36812567710876465, -0.3787887692451476, 0.8491185903549194], [-4.0866542987167565e-18, -0.913250744342804, -0.40739780664443975]], "fy": 1250.0000504168488, "fx": 1250.0000504168488}, {"id": 57, "img_name": "r_57", "width": 800, "height": 800, "position": [1.574963092803955, -3.3469564914703356, 1.6023026704788208], "rotation": [[0.9048265814781189, 0.16924017667770386, -0.39070025086402893], [0.4257804155349731, -0.35965254902839655, 0.8302776813507078], [1.765661116508551e-18, -0.9176097512245179, -0.39748236536979675]], "fy": 1250.0000504168488, "fx": 1250.0000504168488}, {"id": 58, "img_name": "r_58", "width": 800, "height": 800, "position": [1.790220022201538, -3.2563886642456055, 1.5623846054077144], "rotation": [[0.8763061165809631, 0.18671846389770505, -0.44409891963005066], [0.48175472021102905, -0.3396386504173278, 0.8078106045722961], [-8.0923855806940235e-19, -0.9218361377716063, -0.3875799179077148]], "fy": 1250.0000504168488, "fx": 1250.0000504168488}, {"id": 59, "img_name": "r_59", "width": 800, "height": 800, "position": [1.9999942779541018, -3.1514778137207027, 1.522566556930542], "rotation": [[0.8443272709846497, 0.2023834586143494, -0.4961375296115876], [0.535827934741974, -0.3189043998718261, 0.7817854285240173], [-1.7610272166157656e-17, -0.9259271025657653, -0.3777022957801819]], "fy": 1250.0000504168488, "fx": 1250.0000504168488}, {"id": 60, "img_name": "r_60", "width": 800, "height": 800, "position": [2.203298568725586, -3.032572031021118, 1.4828966856002808], "rotation": [[0.8090162873268127, 0.2162238955497742, -0.5465710759162903], [0.5877863168716432, -0.29760584235191334, 0.752288520336151], [-4.33517355077502e-17, -0.9298806190490723, -0.36786139011383057]], "fy": 1250.0000504168488, "fx": 1250.0000504168488}, {"id": 61, "img_name": "r_61", "width": 800, "height": 800, "position": [2.3991692066192627, -2.900089502334594, 1.4434226751327512], "rotation": [[0.7705124616622925, 0.22824218869209284, -0.5951606035232544], [0.6374250650405884, -0.2758966684341429, 0.7194236516952515], [2.5264280053078817e-17, -0.933695077896118, -0.3580690920352935]], "fy": 1250.0000504168488, "fx": 1250.0000504168488}, {"id": 62, "img_name": "r_62", "width": 800, "height": 800, "position": [2.586671829223633, -2.7545182704925546, 1.4041924476623535], "rotation": [[0.7289677262306213, 0.23845365643501282, -0.6416743397712708], [0.6845480799674988, -0.2539266645908355, 0.6833118796348572], [-9.630178843430112e-18, -0.9373692870140077, -0.3483372926712036]], "fy": 1250.0000504168488, "fx": 1250.0000504168488}, {"id": 63, "img_name": "r_63", "width": 800, "height": 800, "position": [2.7649075984954847, -2.5964140892028804, 1.3652542829513552], "rotation": [[0.6845461726188661, 0.24688589572906497, -0.6858891248703005], [0.7289695739746095, -0.23184068500995636, 0.6440910696983336], [-1.4901161202911094e-08, -0.9409024119377137, -0.33867791295051575]], "fy": 1250.0000504168488, "fx": 1250.0000504168488}, {"id": 64, "img_name": "r_64", "width": 800, "height": 800, "position": [2.933016300201417, -2.4263963699340816, 1.3266556262969973], "rotation": [[0.6374230384826659, 0.25357830524444586, -0.7275918126106264], [0.7705140113830566, -0.20977771282196048, 0.6019148230552673], [-1.4901161190132924e-08, -0.9442941546440126, -0.3291027545928955]], "fy": 1250.0000504168488, "fx": 1250.0000504168488}, {"id": 65, "img_name": "r_65", "width": 800, "height": 800, "position": [3.0901839733123775, -2.2451446056365967, 1.2884440422058105], "rotation": [[0.5877843499183654, 0.2585811913013459, -0.7665802836418152], [0.8090176582336426, -0.1878697723150253, 0.5569518208503723], [8.801629756756859e-18, -0.9475446343421936, -0.3196236193180084]], "fy": 1250.0000504168488, "fx": 1250.0000504168488}, {"id": 66, "img_name": "r_66", "width": 800, "height": 800, "position": [3.235644340515137, -2.0533967018127437, 1.2506666183471682], "rotation": [[0.5358257293701172, 0.261954814195633, -0.8026645183563235], [0.8443285822868347, -0.16624112427234647, 0.5093849897384642], [1.692375206072584e-17, -0.9506542682647705, -0.3102521598339081]], "fy": 1250.0000504168488, "fx": 1250.0000504168488}, {"id": 67, "img_name": "r_67", "width": 800, "height": 800, "position": [3.3686842918395996, -1.851944446563721, 1.213370203971863], "rotation": [[0.48175260424613936, 0.2637685835361482, -0.8356677293777465], [0.8763073682785032, -0.14500756561756134, 0.45941087603569025], [1.4901162979086592e-08, -0.9536240696907045, -0.30100008845329296]], "fy": 1250.0000504168488, "fx": 1250.0000504168488}, {"id": 68, "img_name": "r_68", "width": 800, "height": 800, "position": [3.488648414611816, -1.6416280269622803, 1.1766008138656614], "rotation": [[0.4257782101631165, 0.2640999555587769, -0.8654271364212035], [0.9048275947570801, -0.1242756024003029, 0.4072377979755401], [7.450581473703699e-09, -0.9564552903175354, -0.29187873005867004]], "fy": 1250.0000504168488, "fx": 1250.0000504168488}, {"id": 69, "img_name": "r_69", "width": 800, "height": 800, "position": [3.594941377639771, -1.4233325719833376, 1.1404037475585935], "rotation": [[0.3681233823299408, 0.2630332708358764, -0.8917952775955202], [0.9297770261764527, -0.10414184629917146, 0.3530853986740113], [-7.385939436464229e-18, -0.9591495394706725, -0.28289937973022455]], "fy": 1250.0000504168488, "fx": 1250.0000504168488}, {"id": 70, "img_name": "r_70", "width": 800, "height": 800, "position": [3.6870310306549072, -1.1979837417602541, 1.1048241853713987], "rotation": [[0.3090157210826873, 0.2606591582298278, -0.9146398305892945], [0.9510568976402283, -0.08469292521476746, 0.29718318581581116], [-1.2445250971388094e-17, -0.961708903312683, -0.2740731537342071]], "fy": 1250.0000504168488, "fx": 1250.0000504168488}, {"id": 71, "img_name": "r_71", "width": 800, "height": 800, "position": [3.7644519805908203, -0.9665415883064269, 1.0699057579040525], "rotation": [[0.24868859350681308, 0.25707268714904785, -0.9338455796241761], [0.9685835242271424, -0.0660046860575676, 0.23976945877075193], [-3.725290311158587e-09, -0.9641354084014893, -0.2654109597206115]], "fy": 1250.0000504168488, "fx": 1250.0000504168488}, {"id": 72, "img_name": "r_72", "width": 800, "height": 800, "position": [3.8268063068389884, -0.7299969792366029, 1.035691976547241], "rotation": [[0.18737998604774475, 0.2523728013038635, -0.9493138194084169], [0.9822874665260316, -0.04814233630895614, 0.18108996748924255], [-3.7252900771984385e-09, -0.9664317369461058, -0.25692355632781977]], "fy": 1250.0000504168488, "fx": 1250.0000504168488}, {"id": 73, "img_name": "r_73", "width": 800, "height": 800, "position": [3.8737666606903076, -0.489365041255951, 1.0022244453430178], "rotation": [[0.1253318637609482, 0.2466608732938766, -0.9609632492065429], [0.9921149611473085, -0.031160164624452594, 0.1213965266942978], [4.565563840982354e-18, -0.9686007499694824, -0.24862128496170047]], "fy": 1250.0000504168488, "fx": 1250.0000504168488}, {"id": 74, "img_name": "r_74", "width": 800, "height": 800, "position": [3.9050767421722408, -0.24568103253841397, 0.9695447683334352], "rotation": [[0.06278909742832182, 0.24003985524177548, -0.9687302708625792], [0.9980267882347106, -0.015101686120033262, 0.06094596162438391], [-9.313225741554777e-10, -0.9706454873085023, -0.24051445722579962]], "fy": 1250.0000504168488, "fx": 1250.0000504168488}, {"id": 75, "img_name": "r_75", "width": 800, "height": 800, "position": [3.920552492141724, 5.655147106153892e-06, 0.9376928806304932], "rotation": [[-1.4424363143916707e-06, 0.2326129525899887, -0.9725693464279176], [1.0, 3.355293358708878e-07, -1.4028693158252283e-06], [-2.8421712824633704e-14, -0.9725692272186279, -0.2326129674911499]], "fy": 1250.0000504168488, "fx": 1250.0000504168488}, {"id": 76, "img_name": "r_76", "width": 800, "height": 800, "position": [3.9200830459594718, 0.24663649499416349, 0.9067077636718748], "rotation": [[-0.06279198825359344, 0.2244826704263687, -0.9724528193473816], [0.998026728630066, 0.01412358414381742, -0.06118297949433326], [9.313226860206295e-10, -0.9743757247924804, -0.22492650151252744]], "fy": 1250.0000504168488, "fx": 1250.0000504168488}, {"id": 77, "img_name": "r_77", "width": 800, "height": 800, "position": [3.903630256652832, 0.49314910173416143, 0.8766271471977235], "rotation": [[-0.12533472478389737, 0.21574962139129641, -0.9683714509010316], [0.9921145439147948, 0.027255844324827198, -0.12233523279428482], [1.8626453712502788e-09, -0.9760681986808778, -0.21746443212032324]], "fy": 1250.0000504168488, "fx": 1250.0000504168488}, {"id": 78, "img_name": "r_78", "width": 800, "height": 800, "position": [3.8712282180786137, 0.7384824156761168, 0.8474875688552858], "rotation": [[-0.18738281726837158, 0.20651188492774963, -0.960333466529846], [0.9822869896888733, 0.039394576102495193, -0.18319492042064664], [8.897860925889279e-20, -0.9776507616043091, -0.21023577451705935]], "fy": 1250.0000504168488, "fx": 1250.0000504168488}, {"id": 79, "img_name": "r_79", "width": 800, "height": 800, "position": [3.8229837417602535, 0.9815817475318909, 0.8193241357803346], "rotation": [[-0.24869140982627871, 0.1968637853860855, -0.9483655095100402], [0.968582808971405, 0.05054635927081109, -0.2435004562139511], [3.7252907484995724e-09, -0.9791269898414613, -0.2032493054866791]], "fy": 1250.0000504168488, "fx": 1250.0000504168488}, {"id": 80, "img_name": "r_80", "width": 800, "height": 800, "position": [3.759073972702027, 1.2214037179946897, 0.7921710014343261], "rotation": [[-0.30901849269866943, 0.18689528107643127, -0.9325114488601683], [0.9510560035705566, 0.06072628498077391, -0.302992969751358], [1.473476188020629e-17, -0.9805010557174683, -0.19651342928409574]], "fy": 1250.0000504168488, "fx": 1250.0000504168488}, {"id": 81, "img_name": "r_81", "width": 800, "height": 800, "position": [3.6797461509704594, 1.4569213390350342, 0.7660605311393737], "rotation": [[-0.3681260645389557, 0.17669110000133512, -0.9128326177597047], [0.9297759532928467, 0.06995727866888046, -0.361417680978775], [1.45618332932651e-17, -0.9817770719528198, -0.19003620743751523]], "fy": 1250.0000504168488, "fx": 1250.0000504168488}, {"id": 82, "img_name": "r_82", "width": 800, "height": 800, "position": [3.5853147506713876, 1.6871281862258911, 0.7410240173339842], "rotation": [[-0.4257808029651642, 0.166330099105835, -0.8894070982933043], [0.9048264026641846, 0.07826934009790419, -0.418524980545044], [7.45058150091964e-09, -0.9829588532447814, -0.1838254332542419]], "fy": 1250.0000504168488, "fx": 1250.0000504168488}, {"id": 83, "img_name": "r_83", "width": 800, "height": 800, "position": [3.4761607646942143, 1.911043047904968, 0.7170910835266113], "rotation": [[-0.4817551374435425, 0.15588466823101046, -0.862329363822937], [0.8763059377670288, 0.08569864928722382, -0.47407144308090204], [-7.450580600058345e-09, -0.9840506315231323, -0.17788840830326078]], "fy": 1250.0000504168488, "fx": 1250.0000504168488}, {"id": 84, "img_name": "r_84", "width": 800, "height": 800, "position": [3.3527290821075444, 2.1277146339416504, 0.6942901611328124], "rotation": [[-0.535828173160553, 0.14542031288146973, -0.8317096233367919], [0.8443269133567811, 0.09228687733411788, -0.5278209447860718], [-7.45058015677469e-09, -0.9850564002990722, -0.17223218083381653]], "fy": 1250.0000504168488, "fx": 1250.0000504168488}, {"id": 85, "img_name": "r_85", "width": 800, "height": 800, "position": [3.215524911880493, 2.3362240791320796, 0.6726480722427369], "rotation": [[-0.5877867341041566, 0.13499520719051372, -0.7976735830307007], [0.8090161681175232, 0.09808011353015898, -0.5795458555221558], [3.015067165279463e-18, -0.985979974269867, -0.16686345636844635]], "fy": 1250.0000504168488, "fx": 1250.0000504168488}, {"id": 86, "img_name": "r_86", "width": 800, "height": 800, "position": [3.0651133060455322, 2.535691022872925, 0.6521900892257689], "rotation": [[-0.6374253630638121, 0.1246599406003952, -0.7603610157966615], [0.7705122232437133, 0.10312803089618679, -0.6290275454521179], [-7.450581484309885e-09, -0.9868253469467162, -0.1617884486913681]], "fy": 1250.0000504168488, "fx": 1250.0000504168488}, {"id": 87, "img_name": "r_87", "width": 800, "height": 800, "position": [2.9021131992340092, 2.72527527809143, 0.632940113544464], "rotation": [[-0.6845484375953673, 0.11445745825767517, -0.719925582408905], [0.7289674282073975, 0.10748308897018433, -0.6760575175285339], [7.745805728879701e-18, -0.9875965118408203, -0.1570131033658981]], "fy": 1250.0000504168488, "fx": 1250.0000504168488}, {"id": 88, "img_name": "r_88", "width": 800, "height": 800, "position": [2.7271976470947266, 2.904180765151979, 0.6149204969406128], "rotation": [[-0.7289698123931885, 0.1044226810336113, -0.6765344738960266], [0.6845458149909974, 0.11119923740625381, -0.7204385399818422], [-7.45058060148113e-09, -0.9882968068122864, -0.15254299342632294]], "fy": 1250.0000504168488, "fx": 1250.0000504168488}, {"id": 89, "img_name": "r_89", "width": 800, "height": 800, "position": [2.5410878658294678, 3.0716586112976065, 0.5981520414352416], "rotation": [[-0.7705144286155701, 0.09458284825086594, -0.6303662657737733], [0.6374226808547974, 0.11433143168687823, -0.761984646320343], [7.450581472361913e-09, -0.9889299273490905, -0.14838324487209315]], "fy": 1250.0000504168488, "fx": 1250.0000504168488}, {"id": 90, "img_name": "r_90", "width": 800, "height": 800, "position": [2.3445510864257812, 3.2270100116729736, 0.5826539993286133], "rotation": [[-0.8090180158615112, 0.08495748788118362, -0.5816116333007811], [0.5877837538719177, 0.1169343888759613, -0.8005227446556091], [-7.45058017311176e-09, -0.9894990921020508, -0.14453868567943573]], "fy": 1250.0000504168488, "fx": 1250.0000504168488}, {"id": 91, "img_name": "r_91", "width": 800, "height": 800, "position": [2.138397455215454, 3.3695886135101314, 0.5684441328048705], "rotation": [[-0.8443289399147034, 0.07555866986513138, -0.5304710268974304], [0.535825252532959, 0.11906188726425172, -0.8358919620513915], [6.230994853577107e-18, -0.9900076389312744, -0.14101362228393555]], "fy": 1250.0000504168488, "fx": 1250.0000504168488}, {"id": 92, "img_name": "r_92", "width": 800, "height": 800, "position": [1.9234746694564822, 3.498802900314331, 0.5555387735366822], "rotation": [[-0.8763076066970825, 0.06639131903648378, -0.4771553277969361], [0.4817520678043366, 0.12076588720083235, -0.8679461479187012], [-3.7252907373276835e-09, -0.9904583692550659, -0.1378122121095658]], "fy": 1250.0000504168488, "fx": 1250.0000504168488}, {"id": 93, "img_name": "r_93", "width": 800, "height": 800, "position": [1.700666427612305, 3.6141180992126474, 0.5439524650573732], "rotation": [[-0.9048278331756592, 0.05745357647538186, -0.42188337445259094], [0.42577755451202404, 0.12209566682577136, -0.8965522646903992], [7.038207515032702e-18, -0.9908540248870851, -0.13493798673152926]], "fy": 1250.0000504168488, "fx": 1250.0000504168488}, {"id": 94, "img_name": "r_94", "width": 800, "height": 800, "position": [1.4708871841430664, 3.715058088302613, 0.5336983799934388], "rotation": [[-0.9297772049903869, 0.048737335950136185, -0.3648821711540222], [0.36812272667884827, 0.12309716641902926, -0.9215924143791199], [7.23458588634507e-19, -0.9911969900131227, -0.1323942542076111]], "fy": 1250.0000504168488, "fx": 1250.0000504168488}, {"id": 95, "img_name": "r_95", "width": 800, "height": 800, "position": [1.2350789308547974, 3.8012073040008545, 0.5247880816459656], "rotation": [[-0.9510571956634521, 0.040228798985481276, -0.3063853681087494], [0.3090151250362396, 0.12381233274936677, -0.9429634809494017], [1.4590653422809207e-19, -0.9914898276329042, -0.13018390536308289]], "fy": 1250.0000504168488, "fx": 1250.0000504168488}, {"id": 96, "img_name": "r_96", "width": 800, "height": 800, "position": [0.9942068457603453, 3.8722116947174077, 0.5172316431999208], "rotation": [[-0.9685837030410768, 0.031908996403217316, -0.24663236737251282], [0.24868799746036527, 0.12427836656570432, -0.9605774879455565], [3.7252907480882395e-09, -0.9917340874671937, -0.12830938398838043]], "fy": 1250.0000504168488, "fx": 1250.0000504168488}, {"id": 97, "img_name": "r_97", "width": 800, "height": 800, "position": [0.7492559552192688, 3.9277801513671875, 0.5110374689102174], "rotation": [[-0.9822876453399657, 0.02375460229814053, -0.1858675181865692], [0.18737933039665222, 0.12452735006809237, -0.9743623137474059], [-4.1559249504963825e-18, -0.9919318556785586, -0.12677279114723206]], "fy": 1250.0000504168488, "fx": 1250.0000504168488}, {"id": 98, "img_name": "r_98", "width": 800, "height": 800, "position": [0.5012269616127014, 3.9676845073699947, 0.5062126517295837], "rotation": [[-0.9921149611473083, 0.01573858037590981, -0.12433909624814987], [0.12533122301101687, 0.12458572536706926, -0.9842613339424133], [-1.0061219188888089e-19, -0.9920840263366699, -0.12557588517665863]], "fy": 1250.0000504168488, "fx": 1250.0000504168488}, {"id": 99, "img_name": "r_99", "width": 800, "height": 800, "position": [0.2511321008205413, 3.9917616844177246, 0.5027624368667603], "rotation": [[-0.9980269074440002, 0.007830975577235222, -0.062298212200403214], [0.0627884641289711, 0.12447390705347061, -0.9902343153953551], [4.656612886761941e-10, -0.9921919107437134, -0.12472002208232881]], "fy": 1250.0000504168488, "fx": 1250.0000504168488}, {"id": 100, "img_name": "r_100", "width": 800, "height": 800, "position": [-8.328596777573694e-06, 3.9999136924743643, 0.5006908178329468], "rotation": [[-1.0, -2.58621213333754e-07, 2.0660704649344552e-06], [-2.082194214381161e-06, 0.12420611083507536, -0.9922564625740052], [-2.842170940152091e-14, -0.992256462574005, -0.12420610338449478]], "fy": 1250.0000504168